476

221 351 361 182 5 3
221 234 154 7 3
221 233 211 28 3
221 226 254 28 10 3
221 226 253 20 6 9 3
221 95 511 528 206 20 3
221 95 100 158 2 3
221 220 227 371 197 3 3
221 235 16 140 16 3
344 0 58 3
344 410 436 165 7 3
344 483 92 35 3
98 115 284 212 8 3
98 96 103 125 1 3
98 96 50 52 66 1 3
98 356 382 89 4 3
98 356 383 31 9 3
98 111 77 4 3
98 117 53 143 29 3
98 117 53 38 147 6 3
98 112 156 7 3
98 116 195 29 3
98 116 238 168 2 3
165 168 153 98 9 3
165 457 469 133 22 3
165 51 54 114 17 3
165 256 266 159 13 3
165 90 257 270 18 3 3
165 90 545 552 402 204 6 3
165 90 255 264 136 3 3
165 71 77 15 2 3
165 385 353 370 123 19 3
165 167 73 6 3
352 351 361 182 19 3
352 351 366 232 18 3
352 351 364 207 2 3
352 355 375 224 20 3
352 355 376 145 12 3
352 355 379 84 5 3
352 354 371 197 3 3
352 367 81 97 3 3
352 350 577 589 41 7 3
352 353 370 123 5 3
352 356 383 31 6 3
207 217 42 26 3
207 219 238 9 3
207 216 107 20 3
207 350 577 589 41 5 3
207 350 577 579 598 81 4 3
207 350 357 544 173 1 3
207 0 6 80 10 3
207 458 474 19 6 3
207 120 123 196 3 3
207 120 124 35 1 3
207 120 545 552 402 204 14 3
207 120 545 551 45 1 3
373 254 28 31 3
373 76 228 21 3
373 117 42 3
373 354 371 197 6 3
179 196 85 46 3
179 197 223 17 3
179 198 118 8 3
179 322 332 153 15 3
179 322 333 141 14 3
387 222 61 3
387 385 353 370 123 6 3
387 385 283 298 38 19 3
387 595 74 14 3
180 350 357 544 173 6 3
180 350 358 126 6 3
180 350 354 371 197 8 3
180 350 354 374 230 6 3
180 350 359 209 3 3
180 497 509 202 26 3
180 202 169 6 3
180 28 47 87 3 3
180 28 45 150 16 3
180 200 162 12 3
180 4 20 6 8 3
392 385 283 298 38 8 3
392 385 283 298 77 15 3 3
392 255 264 136 12 3
392 311 511 528 206 6 3
392 311 90 255 264 136 3 3
392 311 60 63 132 6 3
392 405 411 219 238 19 3
392 405 411 366 232 1 3
392 394 410 436 165 22 3
392 394 458 474 19 1 3
392 394 458 457 469 133 1 3
392 394 414 142 6 3
392 394 166 495 499 113 8 3
392 394 412 119 2 3
392 393 407 198 2 3
1 10 216 107 11 3
1 2 13 194 8 3
1 4 20 6 7 3
1 7 148 5 3
1 550 573 210 1 3
1 495 499 113 1 3
1 175 185 139 4 3
1 8 184 18 3
1 322 333 141 8 3
1 11 25 7 3
1 9 213 26 3
1 9 586 135 4 3
395 72 81 97 29 3
395 65 66 76 19 3
395 90 255 264 136 4 3
395 99 119 69 37 3
395 99 50 52 66 11 3
396 416 217 2 3
396 393 407 198 28 3
396 393 408 161 14 3
396 393 406 137 6 3
396 421 386 9 30 3
396 65 66 76 5 3
396 65 324 343 120 4 3
396 420 90 11 3
300 258 272 217 42 1 3
300 258 273 36 13 3
300 301 510 522 474 19 2 3
300 301 308 203 3 3
300 301 305 233 28 3
300 301 497 509 202 9 3
300 301 512 510 522 474 19 5 3
300 303 62 39 3
131 355 379 84 5 3
131 355 378 53 11 3
131 355 380 205 11 3
131 139 208 2 3
131 140 289 71 15 3
131 130 468 192 3 3
131 136 158 72 9 3
131 0 6 80 31 3
131 0 2 13 194 4 3
131 0 547 558 171 9 3
431 85 72 81 97 8 3
431 85 72 83 190 3 3
431 85 89 95 4 3
431 166 495 499 113 1 3
431 166 170 56 30 3
431 177 192 313 101 3 3
431 177 193 14 10 3
431 458 457 469 133 4 3
431 458 457 468 192 8 3
431 458 457 466 47 1 3
431 3 18 383 31 28 3
224 243 130 45 3
224 280 284 212 1 3
224 280 286 13 1 3
224 51 54 114 6 3
224 51 56 200 8 3
224 244 104 5 3
224 242 359 209 22 3
224 220 227 371 197 4 3
224 220 229 214 4 3
224 222 238 168 4 3
433 445 183 11 3
433 430 436 165 16 3
433 430 90 255 264 136 1 3
433 444 44 14 3
433 432 442 109 13 3
433 432 440 12 11 3
433 447 123 196 9 3
433 449 191 25 3
70 175 185 139 16 3
70 458 457 466 47 20 3
70 458 457 466 103 125 6 3
70 458 90 255 264 136 6 3
70 458 90 255 264 451 64 6 3
70 73 327 225 27 3
70 323 339 82 11 3
70 323 337 235 1 3
70 323 336 58 7 3
434 451 64 7 3
434 390 399 37 1 3
434 390 393 406 137 14 3
434 454 216 25 3
434 321 330 416 217 11 3
434 432 441 115 13 3
434 432 321 330 416 217 5 3
434 60 63 132 1 3
434 65 324 343 120 12 3
434 65 324 342 155 3 3
434 65 68 168 153 98 1 3
434 65 257 268 201 3 3
434 65 355 380 205 1 3
434 65 71 77 15 3 3
205 211 147 33 14 3
205 281 289 71 4 3
205 281 288 93 1 3
205 176 175 185 139 5 3
205 176 175 183 124 4 3
205 176 190 83 190 7 3
205 176 190 460 231 5 3
205 136 158 72 8 3
205 208 272 217 42 12 3
205 90 255 264 451 64 1 3
205 90 255 261 110 7 3
205 90 220 229 214 3 3
205 90 91 254 28 13 3
205 90 91 471 124 35 4 3
205 90 94 43 6 3
205 121 71 77 15 6 3
476 60 257 268 201 10 3
476 60 64 40 7 3
476 72 83 190 3 3
476 72 84 27 13 3
476 484 105 24 3
476 487 78 27 3
476 487 592 91 9 3
476 487 246 239 7 3
27 39 180 15 3
27 25 37 88 5 3
27 25 35 152 12 3
27 25 30 167 12 3
27 40 32 19 3
27 41 586 135 14 3
27 0 547 558 171 12 3
27 0 547 558 119 69 5 3
27 0 5 61 6 3
477 489 164 2 3
477 393 406 137 1 3
477 393 406 539 4 18 3
477 393 409 5 3 3
477 301 512 510 520 11 2 3
477 60 64 40 8 3
477 60 61 116 9 3
477 60 61 52 66 3 3
477 60 61 211 147 33 9 3
477 60 50 52 66 12 3
477 490 185 33 3
329 175 27 3
329 555 99 33 3
329 320 327 225 4 3
329 320 324 342 155 2 3
329 320 328 598 81 5 3
329 525 539 4 29 3
478 494 573 210 14 3
478 354 374 230 1 3
478 475 482 193 23 3
478 475 479 96 14 3
478 475 65 71 80 178 1 3
478 458 90 94 43 17 3
478 458 473 23 11 3
478 458 280 286 13 7 3
478 206 50 52 66 8 3
478 206 213 229 4 3
133 147 33 8 3
133 134 153 98 1 3
133 134 154 374 230 1 3
133 0 5 61 7 3
133 0 257 268 201 4 3
133 132 142 291 29 5 3
133 132 145 52 66 6 3
133 132 145 291 29 5 3
133 132 146 59 25 3
133 136 158 72 8 3
133 136 162 84 27 2 3
133 151 24 2 3
133 150 149 4 3
133 176 190 460 231 7 3
133 176 188 103 15 3
481 220 61 3
481 564 39 9 3
481 475 65 71 80 178 22 3
481 475 65 71 78 580 215 8 3
259 275 219 2 3
259 50 52 66 3 3
259 276 479 96 17 3
259 255 261 110 6 3
259 255 263 3 4 3
259 255 265 17 27 3
259 456 463 46 11 3
259 456 464 552 402 204 10 3
259 456 464 452 374 230 10 3
259 456 71 78 580 215 4 3
259 283 298 77 15 6 3
496 545 551 45 16 3
496 255 265 17 9 3
496 255 260 129 22 3
496 351 364 207 12 3
496 578 594 57 12 3
496 508 112 26 3
496 90 94 43 3 3
513 511 528 206 9 3
513 511 527 22 11 3
513 537 84 27 25 3
513 495 499 113 1 3
513 351 364 207 1 3
513 351 362 177 1 3
513 536 469 133 4 3
513 536 560 160 15 3
513 516 544 173 30 3
513 535 83 190 3 3
29 385 283 297 216 107 7 3
29 385 324 342 155 17 3
29 385 324 342 375 224 3 3
29 85 89 95 11 3
29 516 544 173 4 3
29 51 56 200 17 3
29 576 586 135 17 3
29 576 583 234 7 3
29 28 45 150 17 3
514 3 18 383 31 14 3
514 3 19 63 30 3
514 539 4 10 3
514 540 51 29 3
514 540 40 32 4 3
514 541 218 4 3
514 60 50 52 66 7 3
514 60 62 121 2 3
223 226 253 20 6 8 3
223 226 250 6 80 8 3
223 239 122 20 3
223 240 52 18 3
223 576 581 108 17 3
223 576 587 528 206 3 3
223 256 266 159 15 3
223 256 267 10 10 3
223 256 267 376 145 1 3
523 176 46 3
523 510 520 11 34 3
523 510 526 131 6 3
523 162 84 27 8 3
523 158 72 6 3
282 291 29 3 3
282 293 151 3 3
282 60 62 121 28 3
282 292 157 47 3
282 294 21 19 3
546 310 3 19 63 1 3
546 310 313 101 6 3
546 310 315 2 2 3
546 515 542 146 8 3
546 515 511 527 22 10 3
546 550 573 210 2 3
546 550 226 250 6 80 2 3
546 550 226 252 189 2 3
546 550 320 328 598 81 10 3
546 550 320 326 237 4 3
546 550 571 144 6 3
546 120 126 181 12 3
546 136 162 237 227 7 3
546 136 160 127 25 3
546 547 558 119 69 1 3
546 547 555 99 2 3
187 1 69 3
187 445 183 8 3
187 139 208 23 3
548 564 39 36 3
548 560 160 20 3
548 458 280 286 13 12 3
548 385 324 342 375 224 5 3
548 545 551 45 12 3
548 561 54 15 3
549 547 555 99 4 3
549 568 16 10 3
549 50 52 66 6 3
549 50 53 38 147 18 3
549 310 315 2 7 3
549 569 111 16 3
549 567 186 15 3
549 566 8 24 3
141 221 70 3
141 489 164 6 3
141 336 58 24 3
47 87 76 3
47 7 148 24 3
575 580 215 14 3
575 578 594 57 11 3
575 578 594 275 219 1 3
575 578 579 598 81 19 3
575 578 579 599 479 96 3 3
575 578 592 91 11 3
575 136 160 127 2 3
575 121 71 78 580 215 2 3
575 121 71 75 68 16 3
575 121 257 268 201 3 3
575 121 257 269 522 474 19 3 3
575 121 127 20 8 3
575 579 599 479 96 2 3
575 256 267 376 145 5 3
214 454 216 46 3
214 206 213 229 16 3
214 76 228 38 3
582 119 69 32 3
582 246 239 42 3
582 576 587 528 206 6 3
582 87 122 94 19 3
582 87 482 193 1 3
97 257 269 522 474 19 12 3
97 109 49 25 3
97 95 100 158 13 3
97 108 106 3 3
97 578 592 91 9 3
97 578 324 342 375 224 1 3
97 322 333 141 8 3
97 322 225 247 243 130 3 3
97 322 225 247 243 509 202 8 3
97 106 30 18 3
590 102 64 3
590 37 88 2 3
590 188 103 9 3
590 234 154 11 3
590 359 209 13 3
590 359 153 98 1 3
335 323 336 58 1 0
335 144 571 144 13 0
271 257 269 522 474 19 7 1
271 128 20 1
271 533 60 12 1
271 331 436 165 8 1
401 86 24 2
401 151 24 9 2
401 391 402 204 14 2
401 391 350 359 153 98 3 2
401 391 403 370 123 8 2
401 186 236 14 2
365 75 30 3
365 351 362 177 19 3
365 351 360 6 80 17 3
365 182 163 18 3
413 50 22 1
413 314 26 11 1
413 314 52 66 3 1
413 314 310 315 2 3 1
413 394 412 119 1 1
236 222 238 168 8 3
236 222 237 227 25 3
236 179 40 3
236 159 100 25 3
92 292 157 39 1
422 537 84 27 12 1
422 397 428 34 27 1
422 397 427 166 11 1
49 8 184 11 2
49 249 83 38 2
49 249 13 194 7 2
574 398 138 19 3
574 398 489 164 13 3
574 134 23 3
574 550 571 144 7 3
574 526 131 17 3
574 589 41 21 3
423 580 215 4 2
423 170 32 2
423 397 427 166 1 2
423 397 425 226 1 2
423 331 65 23 2
21 4 20 6 6 2
21 4 22 199 2 2
21 4 2 13 194 11 2
21 172 18 2
21 530 55 21 2
345 325 349 187 5 2
345 325 50 53 38 147 10 2
345 561 54 14 2
345 502 188 39 2
88 48 44 3
88 85 3 19 63 9 3
88 85 3 15 67 8 3
88 85 351 360 6 80 8 3
88 377 355 380 205 3 3
88 377 174 10 3
88 377 215 160 127 4 3
88 94 43 3 3
88 94 291 29 9 3
290 112 156 12 1
290 7 31 1
290 281 288 93 6 1
384 79 31 2
384 319 70 20 2
384 356 383 31 21 2

